{"linearization_points": [[3.1415848720851756, 8.700156808418793, 23.466656644421317], [15.571813843179442, 27.94882128553454, 3.8931796393143507], [30.874197413563532, 25.481730664663637, 13.070247386148921], [27.258371592867046, 16.948681972861394, 8.773659746948223], [29.518773780379988, 4.141358631058456, 15.729050821969409], [3.892325976040791, 20.121080822820762, 15.419748051676955], [22.416681162879165, 8.453927913849345, 28.282802859152984], [30.55332914170507, 18.320322485641004, 12.578551181499577], [10.732944092299768, 18.642838966421312, 23.374987709314052], [29.481637270291937, 25.38632306581395, 26.158738723340637]], "factor_to_variable_messages": {"message means": [[[5.572108637408363, 8.964458270704114, 18.925098595167654], [9.606712229599552, 18.085445736104525, 25.178252362277966]], [[9.560452011220981, 9.523780100768786, 20.529916908445852], [23.94083892779336, 28.690377061532338, 11.856831358203376]], [[30.07440356600146, 11.729713854678401, 26.241434182812334], [10.183237767538294, 0.8026832477958514, 3.421121948996145]], [[9.646758101593505, 19.221075917758487, 24.899014137725914], [4.687944038381943, 20.700012179199177, 30.23387904057379]], [[27.979038293910868, 15.635917640954833, 12.184562673168294], [24.840111678782126, 0.25319127102345007, 24.797921793341082]], [[5.591171754085455, 30.699014622434483, 25.94166761156035], [12.314603003909685, 26.550515204978257, 11.75884035903654]], [[29.127447174857092, 22.038564631985917, 12.336267875604818], [18.543864703737956, 30.921040481603626, 5.710664162735014]], [[21.86703831018193, 16.579343615688245, 26.860298900890722], [18.81387972794445, 27.370516188113687, 8.954766386118056]], [[2.8971344111466877, 3.594901230751045, 6.900155164469723], [4.340849845517248, 31.136341329359624, 20.81617429571498]], [[30.25385880488124, 2.3305506353619734, 9.992490866315382], [10.521327325412539, 7.361296410338802, 30.25837197607358]]], "message precisions": [[[51.65633917960507, 50.00722497979987, 9.543063644740856, 50.00722497979987, 59.885394330696094, 9.668096782051084, 9.543063644740856, 9.668096782051084, 1.8266063840767761], [18.77105580815402, 23.442691068101528, 29.666528140703747, 23.442691068101528, 40.69323542085852, 41.63151870682785, 29.666528140703747, 41.63151870682785, 58.12288645518767]], [[7.062603140204333, 8.043650416932131, 15.708139707825904, 8.043650416932131, 42.76618472479293, 28.157248497202104, 15.708139707825904, 28.157248497202104, 39.65132170921523], [25.781974310645353, 17.989520664305296, 30.667446120263527, 17.989520664305296, 44.47024418127655, 23.79405108821737, 30.667446120263527, 23.79405108821737, 39.7893599315607]], [[32.159692837088244, 20.717319183794057, 9.734270652796473, 20.717319183794057, 32.650898861396016, 7.754927446174872, 9.734270652796473, 7.754927446174872, 3.8746888762906657], [16.049772410515914, 16.62753066237829, 3.7420632424552345, 16.62753066237829, 28.290454696262575, 14.951831714917274, 3.7420632424552345, 14.951831714917274, 12.3740411126968]], [[25.88662941274423, 13.524746218061175, 5.84558272373101, 13.524746218061175, 36.71816422377465, 27.076629702599764, 5.84558272373101, 27.076629702599764, 21.343293651587686], [29.575086061634178, 12.27216654043017, 35.17569443168394, 12.27216654043017, 9.05650170355274, 14.521358231820205, 35.17569443168394, 14.521358231820205, 45.803600877652855]], [[27.127781374932052, 15.357594815438922, 28.517245551766692, 15.357594815438922, 9.293788293081175, 15.743614744811568, 28.517245551766692, 15.743614744811568, 30.843167351235977], [2.745330641005794, 2.7636056555140285, 6.486391055189341, 2.7636056555140285, 26.896834145748763, 23.68783990477509, 6.486391055189341, 23.68783990477509, 36.14492009109891]], [[38.84247533648004, 41.95105552099997, 34.523233683284076, 41.95105552099997, 48.304859884936036, 40.10478402968498, 34.523233683284076, 40.10478402968498, 41.60803106137955], [32.45800786851174, 31.475693462290042, 19.588461031180824, 31.475693462290042, 50.82866752425774, 35.14258887252481, 19.588461031180824, 35.14258887252481, 37.54963140816252]], [[52.86068527463427, 45.36403963034282, 51.54692887603718, 45.36403963034282, 43.49389679363152, 43.57683037886409, 51.54692887603718, 43.57683037886409, 50.36815593028492], [56.643447257484254, 29.329881530446904, 51.65395028243328, 29.329881530446904, 33.47782554053012, 41.85082678989412, 51.65395028243328, 41.85082678989412, 60.146602020576765]], [[8.067726509164876, 6.847404062852187, 18.584465350884656, 6.847404062852187, 20.178137524416258, 26.058002185292917, 18.584465350884656, 26.058002185292917, 50.686710563967466], [28.589443271596505, 17.949498235371898, 26.91398123189117, 17.949498235371898, 36.641718949675244, 26.020238662924935, 26.91398123189117, 26.020238662924935, 34.60304747552907]], [[4.996372779808231, 11.799055095492177, 9.686348982315375, 11.799055095492177, 56.619114573012986, 20.268143757456833, 9.686348982315375, 20.268143757456833, 25.95206949358322], [49.55422075583251, 37.59172492226841, 47.0910408115371, 37.59172492226841, 31.85933417772742, 37.08160427951569, 47.0910408115371, 37.08160427951569, 48.48174045481446]], [[25.371416258955442, 20.236323835690648, 36.286564313319964, 20.236323835690648, 26.560892291636673, 33.713451060888836, 36.286564313319964, 33.713451060888836, 54.09655499532988], [20.737352987188505, 20.977386358120203, 16.397169374079777, 20.977386358120203, 33.41490716206294, 19.46629790770692, 16.397169374079777, 19.46629790770692, 13.723088502173317]]]}, "variable_to_factor_messages": {"message means": [[[10.856243121495162, 6.312558339050305, 23.916920696905528], [18.023715204131886, 28.39183694009044, 14.82293828156229]], [[11.205768139088708, 27.13204770419781, 19.159606154896895], [26.117949987980946, 19.658028733445935, 27.450500024602963]], [[30.223791937908185, 24.787089873671324, 9.778904711484586], [24.49147183054963, 29.645881969000744, 14.897832989901246]], [[8.699906109514906, 9.710403548094938, 9.855820634766022], [5.7889721291123415, 12.046905091128313, 2.92848205820032]], [[0.22442993633775288, 3.230343067560252, 2.3435732537118064], [6.430980284952451, 30.814428421298572, 30.82893254980801]], [[10.932245204090268, 31.640029610333848, 28.73025868038019], [15.154615721026332, 24.448319497682682, 26.308986477210652]], [[1.35115381067871, 13.987613299036212, 30.79155211456764], [3.7772189247054193, 21.78437364754148, 31.9832155392286]], [[28.454981845134217, 7.030045863047192, 24.085279652796], [18.408549007666462, 5.165880221158115, 24.93845945273988]], [[14.82827009437483, 25.14996937179126, 27.41474848925021], [24.099612871346086, 7.90312251954364, 20.179360952523737]], [[21.194213928016204, 2.892552429737499, 30.83540655645551], [12.705940977678694, 31.7947861417827, 15.264557203048355]]], "message precisions": [[[45.48191175044924, 26.902317472129067, 39.8529933509726, 26.902317472129067, 29.833798089894167, 29.70517365627468, 39.8529933509726, 29.70517365627468, 43.23438120179721], [20.70886163114686, 15.141686158168627, 28.073485998116716, 15.141686158168627, 27.348837099279166, 30.992240709168076, 28.073485998116716, 30.992240709168076, 45.67258223589792]], [[33.21992998686275, 35.98085664536665, 26.827054355197472, 35.98085664536665, 42.38912250854261, 29.913208355192143, 26.827054355197472, 29.913208355192143, 22.261073780521198], [7.342183701761018, 16.502580491466027, 11.340770020247538, 16.502580491466027, 45.31071553862594, 22.23452775462394, 11.340770020247538, 22.23452775462394, 19.109488364088662]], [[26.859502473791828, 4.510946329576224, 23.821243633017858, 4.510946329576224, 2.2158230061391944, 8.406005623999176, 23.821243633017858, 8.406005623999176, 50.702370804276555], [37.21862357021222, 19.008914955145425, 44.43586714045304, 19.008914955145425, 13.161411695347136, 22.138251012368503, 44.43586714045304, 22.138251012368503, 55.37761091826073]], [[15.875726464744128, 15.731344869505854, 11.385803910083242, 15.731344869505854, 36.90714991384182, 10.075534718732396, 11.385803910083242, 10.075534718732396, 8.337504692371141], [30.16672056466967, 6.61037838297231, 28.708774161619196, 6.61037838297231, 29.70444992267785, 13.782525597642582, 28.708774161619196, 13.782525597642582, 30.009743482314715]], [[54.487183555306565, 38.713691981409234, 18.488677066969323, 38.713691981409234, 40.02087590221418, 17.848179641677522, 18.488677066969323, 17.848179641677522, 16.138069453515], [68.84858787080924, 63.007882582899185, 36.36132406875511, 63.007882582899185, 58.760842023954766, 36.4437698473388, 36.36132406875511, 36.4437698473388, 30.191437577184324]], [[40.48467961284815, 12.931225244620276, 7.372421845125478, 12.931225244620276, 26.3223456148215, 2.815211936838938, 7.372421845125478, 2.815211936838938, 1.982833342401227], [36.57153543091071, 7.679627309355791, 23.5542797292129, 7.679627309355791, 3.179405050467802, 4.931042188679295, 23.5542797292129, 4.931042188679295, 18.383326926181265]], [[60.10732376781618, 56.27592218780893, 41.59377163797506, 56.27592218780893, 53.03402806329684, 39.75877290180334, 41.59377163797506, 39.75877290180334, 31.202976546274474], [43.07678730382823, 46.306941246663925, 35.325369852186284, 46.306941246663925, 60.09533177655277, 49.82806650305903, 35.325369852186284, 49.82806650305903, 44.703699913049796]], [[40.753504475000206, 50.75177220890417, 17.804502031920375, 50.75177220890417, 64.01966320380559, 27.35469404372818, 17.804502031920375, 27.35469404372818, 40.70950424347687], [12.418952154666483, 21.331176740604953, 17.202136819594543, 21.331176740604953, 43.20165642865426, 34.30810626292672, 17.202136819594543, 34.30810626292672, 39.232456493373405]], [[17.486337941734355, 11.675103132007342, 20.177661693372393, 11.675103132007342, 32.76332099361833, 10.584733269024774, 20.177661693372393, 10.584733269024774, 25.956422769476177], [11.29618608001212, 21.020612041523318, 11.60455215355904, 21.020612041523318, 58.66151310407112, 40.44504361087144, 11.60455215355904, 40.44504361087144, 30.435356533343587]], [[6.279820103974069, 13.343454726075713, 8.633040055686036, 13.343454726075713, 41.39011018309791, 21.323745457987105, 8.633040055686036, 21.323745457987105, 13.007116694984978], [41.441501771590815, 52.71452715455236, 21.64883306908743, 52.71452715455236, 77.9339489708538, 42.52894646519782, 21.64883306908743, 42.52894646519782, 32.08086727415207]]]}}