{"linearization_points": [[29.85504564900879, 10.378247577607553, 1.3206350593860279], [30.106975725002364, 20.689271504383974, 8.892495384327361], [11.218184099934636, 24.792011196722346, 18.739639795860242], [25.963273823292123, 16.89740352585673, 30.85527331211632], [26.267528511789624, 29.462394834932898, 11.94815071304501], [24.396546274791415, 26.337152827956526, 23.319535874137976], [6.66597921253431, 27.515206960012378, 27.798046997103896], [25.65174889031668, 8.299668817510732, 27.017702332503045], [16.36169321119943, 31.661909493670404, 27.399494088254134], [10.467053820949712, 25.411968298678225, 27.648846143999485], [11.783994300778499, 3.6886552644327217, 18.156328198201283], [25.753142727947527, 16.60030554693665, 29.65155284964319], [22.47274437113604, 18.746294331912626, 7.480611407659165], [18.09762461262201, 30.731457867138214, 26.762285191296392], [15.366033509004275, 4.720557522320675, 27.880659898776987], [31.765159693073343, 13.449426853844749, 25.86236775388552], [19.77887963300282, 29.35668102488829, 22.38079146755551], [22.168386840234003, 9.804490717283482, 14.606308896560968], [14.253656118011204, 29.42040587676785, 16.931480133345502], [9.557237942028419, 24.812850932436135, 11.07654677468448]], "factor_to_variable_messages": {"message means": [[[21.05881348797802, 9.561518839210848, 17.12672979616628], [4.098080401461189, 3.06517102227129, 12.56416633148783]], [[23.59525522608143, 16.91072460725369, 5.88859797791849], [5.612148267825141, 31.71296563052868, 2.759271412540972]], [[31.583992682275756, 5.005587605646117, 27.71821192378082], [30.018593715300295, 23.543843044069952, 14.001181366852627]], [[16.778723423799836, 1.147808276391725, 9.401882985274447], [5.9184341970518055, 6.93293421364362, 14.118936695234158]], [[1.6538697857566795, 20.53529544487962, 29.39514408815919], [1.675492518337741, 13.230591752036421, 4.604945186886862]], [[23.740698474012493, 11.213507661763703, 23.645063516097178], [27.282942281350277, 25.635146533163404, 0.05644451438792686]], [[31.1140313035528, 11.17898556094562, 25.88957680221303], [28.145023071987985, 19.299846676147236, 25.225596110058763]], [[4.71478073050551, 31.21471302982938, 23.352460680940162], [14.738545094012917, 24.43502097815213, 25.276516010256938]], [[4.8604460438325034, 0.21327183129773175, 23.358153978457572], [12.060932200879193, 3.955303195806561, 25.394767931890087]], [[4.093471875384353, 18.729621306725047, 13.281676238367478], [9.195601002605258, 6.763614229400698, 23.593232210337934]], [[9.054831524526765, 28.46777628063298, 25.948927258870462], [13.047212921817739, 17.806223110997493, 12.000038163386996]], [[28.266791978746753, 14.198444257423894, 17.988698617394522], [24.328468394520105, 13.983975236018367, 30.349726945537327]], [[28.910256817840725, 15.500687175411116, 10.263781670804498], [25.606565695996462, 22.23268602909215, 10.123214771369163]], [[11.91193256391455, 4.4020144138196216, 16.46304289964427], [7.6304948438926985, 5.9118539429699375, 9.017929676257808]], [[16.096499381457896, 0.8245036605257177, 25.597956346087813], [20.0978626607045, 9.126449428027712, 18.68782482238086]], [[28.71994651774937, 14.655599074065371, 8.839454484303996], [17.941142238476623, 18.64546352619077, 13.31952747246254]], [[25.541906938033136, 21.633929406493895, 14.430847703889867], [31.367716071080128, 30.178762448195382, 3.4361617169753806]], [[30.908215410677926, 22.900358250722295, 21.925433180830908], [6.2748685894523035, 23.593298241944908, 7.08642254006844]], [[29.998101571670645, 6.958147736138663, 23.264858076433992], [25.384187635612808, 15.688567090957605, 25.85167140908154]], [[15.042879636987504, 9.815100390054052, 4.560736932962069], [16.38706610085107, 12.91673159059295, 2.1290126872890838]]], "message precisions": [[[14.185449518976013, 21.993060393868472, 17.809267706791264, 21.993060393868472, 46.54915215246044, 23.257896999789665, 17.809267706791264, 23.257896999789665, 29.77418973890639], [28.669158891463233, 21.397529296365942, 27.26186880059345, 21.397529296365942, 45.67364289118491, 34.93476730074244, 27.26186880059345, 34.93476730074244, 38.05207269192828]], [[45.61521314374419, 41.939339213763695, 9.380542930736787, 41.939339213763695, 38.978827482181515, 8.448937185693989, 9.380542930736787, 8.448937185693989, 3.803942116463668], [32.86935650842896, 12.32026728358771, 27.8939542693978, 12.32026728358771, 22.739207682204754, 17.82957321212314, 27.8939542693978, 17.82957321212314, 40.12428675701176]], [[65.00294789593578, 68.05111033635735, 39.19413585896617, 68.05111033635735, 73.51640977536921, 39.51483478556761, 39.19413585896617, 39.51483478556761, 24.76037153304529], [50.78202229746166, 41.282435254119356, 11.46108188526766, 41.282435254119356, 54.99091933030168, 15.407892946688099, 11.46108188526766, 15.407892946688099, 4.76538349233108]], [[12.508253193315642, 1.9644858560183673, 19.501478888806435, 1.9644858560183673, 6.334011475162261, 2.1141566802672727, 19.501478888806435, 2.1141566802672727, 33.97444025801057], [50.335786950994624, 15.336856465357824, 42.84148600018974, 15.336856465357824, 15.24282040940601, 16.867497423249887, 42.84148600018974, 16.867497423249887, 38.39290007794095]], [[37.91275726584937, 4.191440286216241, 26.82231206113969, 4.191440286216241, 1.1800210483491638, 6.686575849342197, 26.82231206113969, 6.686575849342197, 39.12169098177615], [68.06357928951671, 63.186783365024894, 62.638248959058274, 63.186783365024894, 61.336961172277434, 56.02958489637016, 62.638248959058274, 56.02958489637016, 60.13513573143362]], [[16.00044699180599, 18.91032113594607, 15.723765948093126, 18.91032113594607, 32.436019426907784, 30.05099851390741, 15.723765948093126, 30.05099851390741, 30.99866644670594], [49.98159552002792, 40.77848027070821, 23.15491764996464, 40.77848027070821, 34.990452368837985, 17.98148631129361, 23.15491764996464, 17.98148631129361, 11.90865626725885]], [[54.868564781888715, 17.908274192296975, 38.67437578403205, 17.908274192296975, 13.910448410232235, 18.013134671623025, 38.67437578403205, 18.013134671623025, 30.903780292664308], [22.914956673688973, 16.10462079422844, 27.023045775183853, 16.10462079422844, 32.742900142296264, 33.33241505689243, 27.023045775183853, 33.33241505689243, 43.08446959897717]], [[52.864303652698666, 43.022835381704226, 40.513113444410806, 43.022835381704226, 45.47670275110619, 32.429257647702585, 40.513113444410806, 32.429257647702585, 51.139284395446204], [19.896594400390686, 17.539963487210326, 29.965664712427603, 17.539963487210326, 33.84652782853539, 36.75164437809978, 29.965664712427603, 36.75164437809978, 51.111405107152756]], [[24.47673603828896, 14.350545406497623, 32.60392006324769, 14.350545406497623, 9.08971779956629, 19.62223991507852, 32.60392006324769, 19.62223991507852, 63.27190233863021], [51.014869228934344, 25.60413109663165, 16.281784318147487, 25.60413109663165, 13.586257210349702, 8.36444657506977, 16.281784318147487, 8.36444657506977, 14.086812914926671]], [[47.94956735784152, 35.85469092007112, 50.15474269152181, 35.85469092007112, 30.399766761673607, 40.735672025273786, 50.15474269152181, 40.735672025273786, 55.979964158292304], [36.461419106263186, 34.6343480221736, 24.10466947883018, 34.6343480221736, 43.774486430082874, 24.024677988346756, 24.10466947883018, 24.024677988346756, 16.19849354496187]], [[55.041602926719214, 48.81084325004324, 36.01386852087698, 48.81084325004324, 44.89714190357807, 34.407536902337, 36.01386852087698, 34.407536902337, 31.3217751606114], [13.025430625952968, 15.46044932450613, 4.762350705581353, 15.46044932450613, 42.42956008327821, 9.401478783889837, 4.762350705581353, 9.401478783889837, 2.4604738825809065]], [[26.243262305700902, 20.299294747613885, 29.183363928838098, 20.299294747613885, 19.79293653762978, 25.472262242066872, 29.183363928838098, 25.472262242066872, 37.61865607261919], [12.38666969016881, 15.095803178122361, 9.347650718126205, 15.095803178122361, 27.121722394054046, 18.9476560841813, 9.347650718126205, 18.9476560841813, 14.517398338553624]], [[62.15132337163862, 6.058238866386945, 54.726675940006764, 6.058238866386945, 1.0461063433572901, 6.701964537580074, 54.726675940006764, 6.701964537580074, 52.87746383999916], [39.24838684576759, 24.399511013229503, 47.61289169776309, 24.399511013229503, 24.895974205212585, 31.604045821273683, 47.61289169776309, 31.604045821273683, 60.30007984075034]], [[33.49672484624318, 32.51021321058368, 17.270253020231806, 32.51021321058368, 35.00811725191832, 11.515818092452937, 17.270253020231806, 11.515818092452937, 17.148138255932686], [21.976570226857998, 12.58844311048523, 20.634483901307913, 12.58844311048523, 8.131561541719558, 13.022525106050873, 20.634483901307913, 13.022525106050873, 23.648195520078904]], [[15.437986945356638, 27.619171635297164, 24.179066483706666, 27.619171635297164, 62.07487983747043, 39.44864811075493, 24.179066483706666, 39.44864811075493, 42.45682139732551], [24.091968788054878, 26.64107990227496, 18.7961468882438, 26.64107990227496, 34.887508148401984, 13.653433717615622, 18.7961468882438, 13.653433717615622, 32.637574232607534]], [[30.013249240153257, 25.333563492701806, 15.301337452567259, 25.333563492701806, 27.860871027408997, 8.445174241189854, 15.301337452567259, 8.445174241189854, 10.941191909102923], [49.66615823129562, 33.11049524041054, 40.93037614454622, 33.11049524041054, 31.95310969128423, 26.28959972740245, 40.93037614454622, 26.28959972740245, 35.977696021066855]], [[13.153592944559596, 10.748609170480025, 15.93483514084907, 10.748609170480025, 15.502856643023842, 24.38382636101083, 15.93483514084907, 24.38382636101083, 42.08773140170385], [16.15274588102957, 18.228886670990278, 14.666245066790552, 18.228886670990278, 26.389425880399433, 24.10629115264566, 14.666245066790552, 24.10629115264566, 24.919043757220074]], [[50.612619598125995, 24.035837786226576, 36.31691265594746, 24.035837786226576, 19.096854580239928, 13.019138369880276, 36.31691265594746, 13.019138369880276, 28.711910351884473], [18.456759365295497, 20.622672269626992, 25.651162981188858, 20.622672269626992, 33.15012510405833, 38.317708165872226, 25.651162981188858, 38.317708165872226, 46.47404736395301]], [[27.913228380457277, 11.78773271213558, 18.26495618795752, 11.78773271213558, 7.9397741893640665, 10.011904819931098, 18.26495618795752, 10.011904819931098, 13.736253616795867], [8.327689665479653, 7.739785269809667, 23.313805843326424, 7.739785269809667, 25.800031976525922, 30.033316893865017, 23.313805843326424, 30.033316893865017, 69.48638623484796]], [[35.78454988047571, 40.033783196593056, 25.149982702190076, 40.033783196593056, 54.5828803997156, 37.20332610103525, 25.149982702190076, 37.20332610103525, 29.671597792508702], [45.437059047144736, 30.27376601961534, 26.233770772244227, 30.27376601961534, 21.08208248034973, 18.087738765769032, 26.233770772244227, 18.087738765769032, 18.92971440268144]]]}, "variable_to_factor_messages": {"message means": [[[4.764306703648657, 9.561140448292488, 19.291986253572034], [2.617052921301873, 26.72597424828202, 25.399507517291198]], [[11.498480657295435, 17.214888550774255, 8.183289845718313], [23.946923934010787, 1.626796569755399, 1.3754675991752876]], [[13.129646890353872, 17.449702093262314, 27.165904876415446], [20.351433500125626, 3.997441604859418, 27.963300123530257]], [[15.166173865671208, 17.900972337407367, 17.08804908624533], [19.389650581519266, 3.7350094498691, 23.327181174614537]], [[24.88189264253408, 22.884997040468818, 12.537529020843206], [9.830978977123877, 24.59629385157814, 0.563589804609709]], [[6.124620847138381, 2.7590297458684567, 19.158023268287153], [21.12240580569547, 8.439342353287504, 2.840139758036962]], [[6.107931158216445, 30.420277476759495, 6.765385001416991], [8.956126715438469, 25.11299956895098, 2.8247112718481553]], [[18.496385185119912, 10.10745617219122, 14.648644187377332], [22.11515743799875, 1.9957012838893746, 5.139996703261627]], [[9.818277826680909, 11.276441989380142, 3.743682102425087], [12.122258437894146, 7.294719088517187, 29.450710203346084]], [[11.935355781231088, 1.1720619755547652, 25.338096112980896], [26.3429784474454, 3.6995594882038105, 23.687569422977393]], [[25.36339969172425, 31.125739615673645, 22.832013890900285], [1.334011147939524, 8.631891612691849, 10.383486535410182]], [[6.237241633997645, 4.526078107777543, 4.995267806689814], [19.345343228355183, 20.174867846119355, 17.92061537783818]], [[0.8680821051694849, 22.973735929769017, 17.75631992893282], [23.841418757667636, 18.09988657483506, 5.512166655755227]], [[18.950247882649396, 8.612488329542792, 6.930848056064832], [0.8534681781161737, 15.872268150852445, 31.881335941902087]], [[4.819212284525822, 23.176433853308325, 27.074925580054945], [17.273252255810377, 10.198264629018382, 28.743406501728945]], [[25.820102768771694, 2.7218492769469336, 6.94678887537124], [17.853198717978685, 11.674664616091547, 18.68549272596353]], [[30.546332149987354, 15.035503016554188, 14.11262274514743], [5.879030292207439, 24.380020495078636, 3.112766959178291]], [[17.222474589323774, 4.346037257865252, 3.3214047656617396], [25.28891537187056, 23.429979046892463, 0.6651015906817541]], [[28.083894891193108, 9.3319618946738, 20.584232788084037], [5.885424562824483, 16.602396890603345, 22.467227237718447]], [[7.766536816269788, 16.82401170761964, 16.917980479999756], [23.07342738732885, 12.003568767963095, 16.654644388175484]]], "message precisions": [[[23.49287268162313, 31.978079646691494, 29.892362450491596, 31.978079646691494, 43.81740582535667, 41.32456176309799, 29.892362450491596, 41.32456176309799, 41.685795595362535], [40.761586619081925, 17.88242613107036, 17.760734790933892, 17.88242613107036, 21.31634106109753, 10.314912048638238, 17.760734790933892, 10.314912048638238, 28.319396273927712]], [[60.937493112788644, 47.22059391136113, 21.593611726605157, 47.22059391136113, 40.68123986480367, 20.487359739889968, 21.593611726605157, 20.487359739889968, 18.210722477538308], [1.48804215621536, 5.062868006243995, 5.693072857180673, 5.062868006243995, 37.21396023676918, 21.39894530572479, 5.693072857180673, 21.39894530572479, 34.498700159293165]], [[32.77081746269005, 21.44171026881718, 24.94547393359895, 21.44171026881718, 39.04306485328671, 23.809890404708664, 24.94547393359895, 23.809890404708664, 21.537165368568136], [85.24472351719143, 43.1413506337414, 32.336888658896754, 43.1413506337414, 33.056637253336866, 14.714756876796693, 32.336888658896754, 14.714756876796693, 30.267008628012942]], [[31.207548845716076, 32.01925491865533, 10.649140988956713, 32.01925491865533, 61.230213293131754, 34.48848225999264, 10.649140988956713, 34.48848225999264, 37.03010096381039], [33.18293507683302, 31.97617301977587, 34.883783372056364, 31.97617301977587, 39.420226140537935, 42.60036759644409, 34.883783372056364, 42.60036759644409, 48.276562045119995]], [[32.601340623854306, 26.407382193585732, 19.34706852279167, 26.407382193585732, 24.153774393158585, 9.68015555179686, 19.34706852279167, 9.68015555179686, 30.84597625362198], [32.659564737089525, 31.515582237393055, 21.702607918018444, 31.515582237393055, 40.95679641313478, 37.43526017278811, 21.702607918018444, 37.43526017278811, 40.91450903192566]], [[25.855900776077625, 9.221821043916568, 8.128197602729498, 9.221821043916568, 17.771359384741025, 11.939311596183783, 8.128197602729498, 11.939311596183783, 11.305316576768602], [27.859758779276202, 18.98276622010896, 15.850776405665348, 18.98276622010896, 23.570989457924664, 19.539836928274873, 15.850776405665348, 19.539836928274873, 19.574885942295513]], [[5.872903048353143, 7.7812851680520465, 3.797910131595475, 7.7812851680520465, 26.45321303012743, 18.82503673605753, 3.797910131595475, 18.82503673605753, 17.497005961560337], [8.940216764400278, 9.720343486304406, 10.372230627706623, 9.720343486304406, 29.640809838106446, 8.40630504724347, 10.372230627706623, 8.40630504724347, 13.158203145149162]], [[64.41389695555831, 38.28235405671931, 37.43537620657731, 38.28235405671931, 22.81621564093652, 22.148005880302605, 37.43537620657731, 22.148005880302605, 22.073558579875957], [51.465638446878124, 38.42667781134702, 33.20192886382677, 38.42667781134702, 38.74295163777445, 19.82815964329132, 33.20192886382677, 19.82815964329132, 23.916066065682685]], [[41.36994563014922, 23.85490788547833, 21.117155619936007, 23.85490788547833, 16.609579762166927, 14.06503903086147, 21.117155619936007, 14.06503903086147, 16.839399093307716], [18.348924692007873, 25.7582146710623, 17.486898707617556, 25.7582146710623, 55.842780045790384, 38.069745164508326, 17.486898707617556, 38.069745164508326, 44.66343253609629]], [[50.47394510648511, 11.465963934991752, 16.956635524158873, 11.465963934991752, 4.443675826101299, 3.0146082826776923, 16.956635524158873, 3.0146082826776923, 6.8308136445623475], [17.65286557265049, 30.83351641180922, 18.17104979232354, 30.83351641180922, 59.187993361915794, 42.519358226723796, 18.17104979232354, 42.519358226723796, 40.716236536890705]], [[1.4854773450818666, 8.772597971905931, 7.124061159480926, 8.772597971905931, 55.29640791499439, 40.629929619955604, 7.124061159480926, 40.629929619955604, 43.0755987691128], [53.837969840983924, 17.64692481467404, 51.36056121867163, 17.64692481467404, 7.699565561337718, 15.15554484670782, 51.36056121867163, 15.15554484670782, 50.78447845306273]], [[45.941765225877006, 43.44063905624232, 47.23703918894766, 43.44063905624232, 51.23692297934693, 49.7778861826904, 47.23703918894766, 49.7778861826904, 60.639256679653506], [33.92812622123426, 13.782883213141716, 15.896464127156678, 13.782883213141716, 8.080479351412633, 10.589472754235105, 15.896464127156678, 10.589472754235105, 17.326573176800537]], [[26.64102095809333, 28.772004150062827, 28.7402638409263, 28.772004150062827, 32.47679012340869, 30.45742926682845, 28.7402638409263, 30.45742926682845, 35.22179197760471], [38.98360125575322, 11.492426416772805, 25.776510907793032, 11.492426416772805, 8.045422908607225, 7.690666565330581, 25.776510907793032, 7.690666565330581, 18.709133055393142]], [[53.57333242566859, 51.074191037440954, 23.804968965948007, 51.074191037440954, 59.1724705902554, 28.312032280206715, 23.804968965948007, 28.312032280206715, 16.234826622310955], [39.542998209907104, 25.933759740950673, 24.88693559213078, 25.933759740950673, 29.85421536134215, 18.448597773312205, 24.88693559213078, 18.448597773312205, 16.361622218960473]], [[60.73398599181881, 25.072173920095448, 47.33212677813994, 25.072173920095448, 11.05733654511756, 20.210501028362486, 47.33212677813994, 20.210501028362486, 37.7158727228904], [18.685767047745074, 10.50012982760928, 4.921811606147924, 10.50012982760928, 28.667095302755854, 16.619319124859587, 4.921811606147924, 16.619319124859587, 17.22848667600403]], [[21.874168336058812, 26.211273029215324, 18.26916284351589, 26.211273029215324, 36.61810361156032, 30.90544650250748, 18.26916284351589, 30.90544650250748, 31.083322795324058], [9.883580318111857, 17.184055426781256, 27.62748185977923, 17.184055426781256, 30.22652933604265, 47.64405360739577, 27.62748185977923, 47.64405360739577, 77.70321203466526]], [[63.2182506235741, 38.176386804444256, 24.547910867535318, 38.176386804444256, 29.311802530996403, 14.955844815972709, 24.547910867535318, 14.955844815972709, 11.057881914956987], [36.48633661969405, 22.45357621088375, 35.555040241125475, 22.45357621088375, 19.686318551125474, 26.46437893802298, 35.555040241125475, 26.46437893802298, 42.438073414880805]], [[12.04859186177389, 12.95437448040687, 16.517660273269207, 12.95437448040687, 25.643515494825724, 20.76264313914987, 16.517660273269207, 20.76264313914987, 35.263192432455696], [22.546394273164307, 19.883201635871586, 15.741241901782246, 19.883201635871586, 24.9074978696072, 11.823020303767633, 15.741241901782246, 11.823020303767633, 23.413863384038912]], [[41.100290400650984, 22.095448991722787, 20.152938127709525, 22.095448991722787, 12.095573597891992, 9.504391529306917, 20.152938127709525, 9.504391529306917, 20.233001351689964], [29.952116182526293, 33.23567002931959, 25.87752435251694, 33.23567002931959, 43.29505290020681, 35.28143508155798, 25.87752435251694, 35.28143508155798, 36.39335141227845]], [[44.570536294023185, 44.351818181516755, 32.4691379401144, 44.351818181516755, 44.22186065520875, 32.9942249411131, 32.4691379401144, 32.9942249411131, 36.123236460886666], [47.87461981607778, 23.840201355374344, 37.874383952511145, 23.840201355374344, 31.475034828834215, 19.8019271094322, 37.874383952511145, 19.8019271094322, 32.52811142059235]]]}}