{"linearization_points": [[22.0967278068245, 8.413773855145752, 24.98237349163289], [3.9626281174252007, 30.610386978311187, 30.341981535903354], [23.10972327192489, 3.5339270189220784, 25.65215105792478], [17.179602929139815, 10.688481782485159, 3.297933632437136], [23.70545841544962, 4.8585691626130405, 25.680937934336534], [16.425925957042313, 22.680886218688016, 1.0893803389309582], [4.862998671204771, 11.476117351915924, 26.76537722111989], [30.444764350121368, 28.970028901901927, 5.747392031243926], [29.167248086459974, 10.816661143351372, 2.373774998870495], [22.673564207127107, 0.8683062053750064, 27.027266160917033], [20.843387174434366, 21.506875536720493, 19.484803854826854], [2.740335095780644, 14.718488747152978, 27.084439912269115], [5.446739576935432, 13.979336505692391, 28.046567610776606], [16.639709891291215, 19.60749327610942, 23.814113179881133], [9.164299815633182, 19.13174032821486, 25.759359494338085], [15.35577643041869, 4.342949729700219, 16.219338245505494], [2.5828082617830965, 3.430672476251427, 19.51151222938065], [25.73659754198777, 2.1137184009930827, 13.009053766615768], [30.4668747268518, 13.33515999461553, 7.432353186314021], [9.746626174712993, 3.94967690318083, 23.401125322287218]], "factor_to_variable_messages": {"message means": [[[2.2915212623469365, 8.81901328177879, 0.81616534882507], [3.2343212343239074, 4.331099014774317, 0.19974144249673031]], [[5.266274394484974, 2.4571786473060335, 10.81400615664094], [24.02873928286479, 11.115989768017396, 25.379939377107323]], [[20.769471359177565, 2.6794416593548327, 25.033993676246073], [1.477219281012907, 1.158077907513114, 15.076573257633601]], [[3.822619001647112, 20.375469296670296, 31.793225540075078], [9.641367322904404, 8.68152983786771, 19.319651765868592]], [[2.1482534165483145, 14.079643998335683, 11.534208452310637], [1.612638186225567, 10.803663594129297, 26.224287771604583]], [[8.415714797954191, 21.787994542181334, 4.766952400558097], [7.805826551168678, 18.036647459256972, 18.387878627326252]], [[24.128192455580084, 26.031918479745435, 13.431042520913245], [23.641577309831252, 21.77450477542395, 5.471892079655941]], [[7.266254973296949, 0.7652104633642196, 21.938364657765106], [19.425958130425833, 1.6436388472702852, 29.609721841174967]], [[4.833290540069097, 14.185742328848455, 7.128533255671883], [15.705707481490677, 18.265339870776316, 4.336113779046958]], [[17.04342453602224, 11.454553497105067, 20.095889393943978], [9.609692688258008, 4.504726531478521, 24.745659082588496]], [[4.181782487320248, 15.537041272950656, 4.137392440126266], [0.026542722905439575, 16.18316165715765, 18.649858029679987]], [[12.76279145404646, 19.628412905347854, 8.495712206540276], [21.786238808155293, 6.815531249017138, 25.347423088569617]], [[9.4936890960639, 24.384587663523046, 20.154883550583456], [8.41947484657501, 6.1940384461661395, 6.855672452517421]], [[4.006239249306667, 19.04493441892358, 22.688137521087718], [9.594361068145595, 19.10226112043866, 5.719874566716001]], [[9.481023715832944, 18.543760393793914, 14.862393097875422], [0.12677926500261094, 1.928534087956308, 22.832057085369733]], [[31.715680672261346, 22.778295691781928, 2.1655583197505344], [8.820634207925973, 25.86766097360316, 25.026405849383284]], [[14.400487075067215, 14.105620574808736, 22.763548645086384], [13.534435182851613, 6.9680124156323195, 9.749420186289608]], [[29.892221914183963, 18.751652094190174, 27.709640440007405], [22.5650320209101, 7.153264200249669, 18.54450667102548]], [[4.1727438069878815, 29.578939273204938, 3.7370252459498907], [5.368101394611077, 1.9512648585658212, 10.89623918931025]], [[25.81990457679527, 25.32813695518408, 3.3824021818678105], [24.846954668905543, 15.003936677294487, 10.118007501771107]]], "message precisions": [[[32.954172012315205, 29.608783919494194, 16.625503416218102, 29.608783919494194, 35.331065778174555, 13.672263606995458, 16.625503416218102, 13.672263606995458, 28.204799126012237], [58.70655879369844, 34.871951990242394, 53.01242321776431, 34.871951990242394, 29.281602247234723, 33.40687158917283, 53.01242321776431, 33.40687158917283, 60.38248933933842]], [[31.402938270117875, 11.01710132606614, 18.21234241254064, 11.01710132606614, 10.092767486191253, 15.719272088352799, 18.21234241254064, 15.719272088352799, 26.630333492283306], [53.61320182238951, 25.913549989129955, 22.96930466282912, 25.913549989129955, 17.11379256514999, 8.76617209609483, 22.96930466282912, 8.76617209609483, 23.24482632929912]], [[17.76007002640529, 14.889472263503315, 23.816437776458766, 14.889472263503315, 27.297009619842434, 21.682618708505842, 23.816437776458766, 21.682618708505842, 52.702691434191436], [50.35034935276842, 30.6056508166751, 43.690524017857726, 30.6056508166751, 22.144199020311056, 21.52329019732464, 43.690524017857726, 21.52329019732464, 51.035164487187494]], [[44.708274979073884, 30.337552969691316, 16.205922976504574, 30.337552969691316, 36.826293048821995, 17.15732985601794, 16.205922976504574, 17.15732985601794, 12.611746164654884], [19.35342983239719, 29.707683398953648, 24.22737228596917, 29.707683398953648, 58.42295223666157, 42.049412004887536, 24.22737228596917, 42.049412004887536, 43.35097341832678]], [[62.49674775053614, 40.73219101874449, 10.567326569377268, 40.73219101874449, 28.911728036861458, 6.116172862036776, 10.567326569377268, 6.116172862036776, 2.84686676616684], [31.370144186704234, 10.187689158312395, 20.207472190050066, 10.187689158312395, 12.828418441470589, 17.85971225448367, 20.207472190050066, 17.85971225448367, 36.939367732211146]], [[30.32918680633417, 4.758141941927795, 30.189043119346074, 4.758141941927795, 29.678801341219145, 4.645995295704584, 30.189043119346074, 4.645995295704584, 36.5951021419311], [41.980099337491914, 48.293161340407586, 30.933750926798858, 48.293161340407586, 70.35476561848982, 46.29781100288915, 30.933750926798858, 46.29781100288915, 42.39465509695328]], [[27.08993290983393, 24.480286316962975, 33.125942228186965, 24.480286316962975, 23.750774487976905, 29.42118091053171, 33.125942228186965, 29.42118091053171, 52.848355729910246], [46.37148757594315, 34.22436170356921, 13.577773991369865, 34.22436170356921, 28.734021770072165, 13.23308147381141, 13.577773991369865, 13.23308147381141, 13.175627891235635]], [[20.720633584982547, 26.929496859383914, 34.89745625566301, 26.929496859383914, 38.575692450792964, 51.11177912220339, 34.89745625566301, 51.11177912220339, 70.28937532465], [48.05629825419267, 6.036508582654308, 16.640784398833684, 6.036508582654308, 14.292460482397216, 18.057832166939836, 16.640784398833684, 18.057832166939836, 25.00752139834987]], [[24.635181673477195, 22.116742920277435, 10.651997306723873, 22.116742920277435, 50.336737020366186, 10.520113859627696, 10.651997306723873, 10.520113859627696, 5.294888258454686], [1.7950684284871743, 5.067940916498891, 10.208489778895201, 5.067940916498891, 25.263246341111802, 37.28234777615751, 10.208489778895201, 37.28234777615751, 79.83405464612733]], [[24.967580839084277, 17.633957523010306, 29.18532968131619, 17.633957523010306, 13.977980747980585, 21.477311744579577, 29.18532968131619, 21.477311744579577, 34.62946999491036], [19.065811625300977, 10.060216143781581, 10.788201916655412, 10.060216143781581, 34.72240745775737, 19.951729303001798, 10.788201916655412, 19.951729303001798, 14.531435056613915]], [[24.9878027737055, 27.095030655884486, 16.16328687254047, 27.095030655884486, 51.2264104136054, 23.90736964772132, 16.16328687254047, 23.90736964772132, 12.319707712419538], [35.75548441415431, 26.39610700258053, 32.17383497654912, 26.39610700258053, 27.60713153174695, 23.998572388255933, 32.17383497654912, 23.998572388255933, 43.07492711678152]], [[32.69477141887763, 14.235257262521605, 33.71570659855618, 14.235257262521605, 19.099483744119183, 24.113893916164372, 33.71570659855618, 24.113893916164372, 42.88710181752134], [43.377110882395385, 30.673654164921253, 18.0375662338284, 30.673654164921253, 22.720682608710113, 13.731795057556136, 18.0375662338284, 13.731795057556136, 13.483227177037406]], [[5.860857293930949, 9.68811614115593, 9.938016932700105, 9.68811614115593, 21.888412252363064, 24.16547165574511, 9.938016932700105, 24.16547165574511, 30.470083746543118], [31.87520326139494, 28.1562160670293, 23.252693072936705, 28.1562160670293, 27.51192172837348, 20.42524963776353, 23.252693072936705, 20.42524963776353, 19.15557805843112]], [[9.143773344085115, 5.625467368421722, 9.391485646432443, 5.625467368421722, 33.78489558257046, 14.937690306848868, 9.391485646432443, 14.937690306848868, 13.2063039580873], [54.324553751487734, 12.098500705674999, 25.55464499660859, 12.098500705674999, 3.317861277448414, 4.254941876750247, 25.55464499660859, 4.254941876750247, 19.21140304741428]], [[27.791368589505343, 26.13368598032688, 18.937018430153238, 26.13368598032688, 28.886009292922044, 24.761474286935144, 18.937018430153238, 24.761474286935144, 32.173250487006854], [35.2143866662893, 35.01661320582995, 20.20545878053045, 35.01661320582995, 43.32632460696874, 22.917073155801095, 20.20545878053045, 22.917073155801095, 14.989840204554653]], [[28.630041711681606, 33.37449880437342, 34.38921475217261, 33.37449880437342, 41.225887012693015, 44.428985527646695, 34.38921475217261, 44.428985527646695, 49.69059459300732], [16.017162964964356, 23.124963834490774, 18.336055117168787, 23.124963834490774, 40.05951129476488, 31.40892324569075, 18.336055117168787, 31.40892324569075, 24.897023805309054]], [[11.858344866525393, 7.867768692282984, 17.340302535614313, 7.867768692282984, 9.54776485770551, 13.552644555821331, 17.340302535614313, 13.552644555821331, 33.93521071016744], [24.417948578292343, 28.192978119814963, 10.591033751293045, 28.192978119814963, 78.04563121821272, 37.56921030533867, 10.591033751293045, 37.56921030533867, 18.929479710696427]], [[40.87513592776004, 26.6916961938569, 13.318918676458106, 26.6916961938569, 20.744714189764522, 7.833588298069604, 13.318918676458106, 7.833588298069604, 4.85000006417461], [14.468510450985889, 17.22641372934181, 14.216689725725654, 17.22641372934181, 52.05233531220457, 17.43482908839972, 14.216689725725654, 17.43482908839972, 16.94180508052307]], [[49.86416448436899, 36.708456127790726, 30.170192055902735, 36.708456127790726, 41.76999730484566, 31.726271370227455, 30.170192055902735, 31.726271370227455, 31.06278243096986], [30.907487128923332, 22.896928763903336, 17.153563078217484, 22.896928763903336, 22.412014482021277, 20.15401776231013, 17.153563078217484, 20.15401776231013, 20.67096847892892]], [[15.764774775197578, 20.957217993336435, 16.328499620526742, 20.957217993336435, 52.40251685448387, 30.792551385728938, 16.328499620526742, 30.792551385728938, 22.15101968886591], [7.492383397329371, 2.1487476018737377, 7.800803354020187, 2.1487476018737377, 7.685224274796749, 9.4267214171099, 7.800803354020187, 9.4267214171099, 27.2498800485551]]]}, "variable_to_factor_messages": {"message means": [[[10.94604570460531, 27.905164711010574, 9.32128015621786], [3.6855236684613644, 22.527835363137577, 30.581724569832407]], [[5.86515227563147, 6.754614333935201, 26.32070284474246], [4.54175201221905, 0.4624053321817172, 13.79713978878949]], [[20.934721878502256, 16.225294870816796, 2.031792228878782], [1.3134810924287912, 4.477707555302402, 11.774204958359938]], [[18.751960543619916, 5.823953500475863, 24.15116988036928], [6.166598279290955, 26.108732533011683, 14.558624865472247]], [[19.795057041294214, 28.542474553783503, 9.981905067759005], [31.659065767836402, 19.299197187113695, 0.11572691596516904]], [[10.416014153416182, 21.45946677517711, 21.15270403105042], [25.948808973370515, 24.717334541295443, 4.4041801207788325]], [[18.20989003727931, 21.43987489049869, 6.042453813097069], [13.821008187611046, 12.986797190086271, 15.647918921018292]], [[21.788800446023874, 7.241934846875008, 28.362938792963323], [3.3857193257380445, 24.188113737989035, 8.511165822911888]], [[8.59547905778997, 18.972417027845555, 28.99883175214203], [15.867006134593467, 15.271338706714548, 0.7028719660929319]], [[27.698855927947644, 31.05058593044255, 10.916918284009824], [20.46808508191344, 9.749111076368354, 1.828988105752142]], [[15.614825963859154, 30.302194239020732, 18.76259998350454], [24.20929583046972, 0.40356520466841417, 3.5894678514636453]], [[27.42977356506573, 12.744751877492405, 5.321596256210306], [18.182749641958434, 8.379445356450752, 28.975560376620443]], [[18.069541724787896, 13.724343651025087, 26.118323615225357], [29.0130569672298, 13.34164455749892, 18.143940962686017]], [[11.890608033668332, 13.923289372985323, 23.431589455492308], [17.163971219008044, 11.080012850251642, 4.305885795108839]], [[29.74434354754604, 30.320526556445742, 10.114932463629188], [23.92530128604538, 25.753335619004957, 25.200542808802048]], [[5.437412774609342, 16.024680757041224, 2.9313362208571476], [21.586130791404475, 29.410931787636923, 15.099633115134019]], [[13.996617105810017, 27.16878748589092, 11.910591821727468], [29.30634273007703, 25.559614551550055, 10.075812635409871]], [[13.418540406046578, 13.386170203004117, 10.687101657352418], [21.66715502063474, 21.804126550375553, 16.620008542684612]], [[2.361095226833907, 13.697265475666875, 3.9237190936017683], [21.36646393909692, 22.832522554672735, 10.939073062573687]], [[11.222162110140392, 24.205671127507394, 8.416309730883434], [10.837978843164695, 13.763576145372426, 30.440882405543817]]], "message precisions": [[[3.4785051691167874, 11.025534648802106, 9.631801412121995, 11.025534648802106, 39.67298721081697, 25.09258423047537, 9.631801412121995, 25.09258423047537, 49.52603230525985], [60.21585841823169, 40.05009453921394, 23.086234483669717, 40.05009453921394, 33.10831497575778, 23.657827677710916, 23.086234483669717, 23.657827677710916, 20.587030048069867]], [[34.0003118907704, 16.670159974051447, 6.043223937602551, 16.670159974051447, 13.92248301292679, 8.13968162221648, 6.043223937602551, 8.13968162221648, 5.735959511466652], [31.968034110252084, 25.851495902191925, 23.215704326516608, 25.851495902191925, 41.37907587093715, 22.765769461492035, 23.215704326516608, 22.765769461492035, 18.228504625213894]], [[14.505872743993493, 22.777717421213396, 21.050014480509894, 22.777717421213396, 38.908028125938806, 28.581714428562385, 21.050014480509894, 28.581714428562385, 43.21920008437015], [54.97028435382913, 27.0284606402964, 48.71156498426461, 27.0284606402964, 15.737485393916026, 26.277274635758943, 48.71156498426461, 26.277274635758943, 46.22725412005592]], [[42.72556249288445, 43.14074118413975, 19.872908317138684, 43.14074118413975, 44.42076807474647, 20.503932394166497, 19.872908317138684, 20.503932394166497, 9.641579885828042], [20.94872944167624, 26.54402471122102, 21.243407963587174, 26.54402471122102, 48.12969270594866, 33.64207207812431, 21.243407963587174, 33.64207207812431, 27.263565007517748]], [[10.37021887664163, 20.505234641242613, 9.170411637359958, 20.505234641242613, 61.70038095945464, 31.00352519438184, 9.170411637359958, 31.00352519438184, 17.22991621598582], [32.98680311848865, 34.94564376035734, 7.768087738517004, 34.94564376035734, 58.56327846003851, 29.949538858954064, 7.768087738517004, 29.949538858954064, 28.795772611631968]], [[65.02428134232218, 21.26036434680025, 30.05972535652768, 21.26036434680025, 17.18984968370518, 7.686636403220814, 30.05972535652768, 7.686636403220814, 16.337307898576768], [27.428612515512086, 15.90632357059363, 21.35198015531125, 15.90632357059363, 20.78069166640939, 25.32687579621996, 21.35198015531125, 25.32687579621996, 38.21116449279448]], [[19.670670402055023, 31.42873569646245, 5.943703970476119, 31.42873569646245, 57.4831690344278, 13.79103359106146, 5.943703970476119, 13.79103359106146, 5.809291428114321], [6.557960476647799, 17.13093318040428, 14.110508077727436, 17.13093318040428, 59.62810411057779, 51.11320257102333, 14.110508077727436, 51.11320257102333, 46.260530078874]], [[30.199925638184336, 32.120911236429066, 31.549416494326906, 32.120911236429066, 38.92669160851157, 38.2933426907402, 31.549416494326906, 38.2933426907402, 46.520688981414935], [5.823307408457993, 10.017145905958321, 11.28012342889122, 10.017145905958321, 46.609877839127535, 27.03806697231674, 11.28012342889122, 27.03806697231674, 30.104613983198973]], [[24.39567066854191, 29.104089462385748, 27.56042500314935, 29.104089462385748, 42.94517501526995, 29.010343400060474, 27.56042500314935, 29.010343400060474, 32.97277631661079], [46.20269105542837, 18.623861234245897, 14.78175903717084, 18.623861234245897, 30.98904307173422, 27.62856511051389, 14.78175903717084, 27.62856511051389, 24.744276383743337]], [[46.205844012625775, 22.774270015559892, 23.905786106784113, 22.774270015559892, 35.00921473544283, 24.138122684928344, 23.905786106784113, 24.138122684928344, 25.62962784047111], [40.355526050840304, 30.10288279836991, 29.041828381068413, 30.10288279836991, 23.835240625142756, 23.453964767375364, 29.041828381068413, 23.453964767375364, 24.537931498565378]], [[8.87688897997469, 13.072453860345654, 4.428063405849035, 13.072453860345654, 34.70575190589954, 9.743080146867557, 4.428063405849035, 9.743080146867557, 3.3541444211823555], [53.28194859220032, 16.90729405864917, 8.89730939693155, 16.90729405864917, 15.06864004554734, 5.55862968352473, 8.89730939693155, 5.55862968352473, 2.3625433791961123]], [[31.247495258021992, 43.41933252722309, 21.90766790922835, 43.41933252722309, 66.6763086419665, 27.922326522999715, 21.90766790922835, 27.922326522999715, 17.875762427381456], [8.021738544145565, 12.100207518269615, 0.842820625941776, 12.100207518269615, 64.09210077495896, 11.822080366480042, 0.842820625941776, 11.822080366480042, 5.7718817563274465]], [[49.96440738924527, 24.343260355529733, 32.56906378518711, 24.343260355529733, 19.681259821248744, 26.81475430117499, 32.56906378518711, 26.81475430117499, 36.663471262921185], [39.59836385482706, 22.201776008915676, 29.12586333274934, 22.201776008915676, 33.257596295514546, 21.07733606142603, 29.12586333274934, 21.07733606142603, 24.18602521942971]], [[37.72809682396718, 22.167104950900615, 42.430848082560004, 22.167104950900615, 40.198205501639514, 29.762704091082433, 42.430848082560004, 29.762704091082433, 52.15475032868803], [22.01946934613994, 18.371116191951952, 21.484429924071577, 18.371116191951952, 29.217204068780713, 14.141494226148215, 21.484429924071577, 14.141494226148215, 28.747083873339303]], [[41.53374255361073, 35.02801564389218, 41.41645935594567, 35.02801564389218, 40.579640700503596, 33.8999674604281, 41.41645935594567, 33.8999674604281, 41.40508299093918], [57.90679730955903, 27.527632913546988, 38.560041412579004, 27.527632913546988, 23.376950977122245, 11.208126764125346, 38.560041412579004, 11.208126764125346, 34.074799101752845]], [[24.64994832310572, 13.306437637929191, 28.424239058560964, 13.306437637929191, 12.326787432982997, 21.42059181293401, 28.424239058560964, 21.42059181293401, 44.68431950325826], [31.305984070803095, 11.880759666310997, 26.243471568629836, 11.880759666310997, 11.537921179913022, 18.94287666366749, 26.243471568629836, 18.94287666366749, 36.266723531454794]], [[21.68322192702506, 21.41800272495907, 25.254212495413544, 21.41800272495907, 35.92553559487363, 45.76845700735778, 25.254212495413544, 45.76845700735778, 59.03141272558637], [22.65210849513332, 21.181947796387846, 26.659091577268466, 21.181947796387846, 28.57451931325867, 29.50738410300316, 26.659091577268466, 29.50738410300316, 47.12941090826407]], [[16.909637893594525, 5.056623694234015, 3.553559833628024, 5.056623694234015, 34.20689254745604, 25.736239000028423, 3.553559833628024, 25.736239000028423, 38.03718826042377], [26.728354027957263, 1.0872662306410235, 41.926982045453975, 1.0872662306410235, 0.24265904332481666, 2.653792478376483, 41.926982045453975, 2.653792478376483, 70.46871838868407]], [[4.993243231286216, 7.824202068757316, 8.558476234878384, 7.824202068757316, 19.951727117502703, 19.485720383789033, 8.558476234878384, 19.485720383789033, 25.17083950597291], [31.025820006575955, 14.41855426022168, 32.6161758144047, 14.41855426022168, 19.378045727294992, 26.22969822765739, 32.6161758144047, 26.22969822765739, 48.28838629118197]], [[3.92896000604573, 10.90047709424988, 2.7615448233148188, 10.90047709424988, 47.77200446502002, 22.582376740910203, 2.7615448233148188, 22.582376740910203, 15.90456920866822], [38.66976155082132, 10.392189167343835, 37.13660062092388, 10.392189167343835, 26.64916583128647, 25.213780283867205, 37.13660062092388, 25.213780283867205, 49.816704567958]]]}}