{"linearization_points": [[30.960974099150548, 31.870888228471514, 7.768278284948565], [18.59516800116542, 2.779154966261821, 25.511151355024136], [7.614881839227866, 28.715480909256023, 30.42551649825677], [27.637556880908857, 14.815439331493018, 4.816736970485561], [6.525802288097491, 29.259045509149615, 0.6853902528801257], [31.720264293219444, 16.354052662322452, 6.334010001692828], [30.57434661438879, 28.404228076118727, 11.24850363703781], [22.68303557260928, 3.270340934687951, 19.26443815493853], [17.19443777852101, 18.70688393007123, 22.52963024632016], [31.218276363336898, 28.043685843471085, 3.787555907731896], [17.60849567005524, 23.508794010984598, 28.23474008143838], [23.31999015592746, 15.979551398227727, 11.003247971035428], [7.603871415635197, 23.733011287216666, 6.577869263392024], [5.377850721409494, 18.355567646429268, 26.65146858857674], [18.04638651751981, 4.252705649414146, 31.286086983197404]], "factor_to_variable_messages": {"message means": [[[19.196496028233785, 21.66089602984048, 20.56125183075761], [1.1235135752117884, 19.78636304506562, 3.1493116930447442]], [[17.34735911078265, 8.383327292414915, 3.9536581020183164], [20.246869335655116, 30.411086359357558, 0.5946418555648734]], [[0.8010766990208644, 4.230021759716763, 11.49374170823317], [16.919021027668464, 21.40300011861173, 8.730703387981787]], [[12.57555334894812, 5.783344134882061, 20.77784337341247], [12.982748246901004, 0.33396717128549724, 3.917485385162042]], [[2.215329133693473, 29.694265074726157, 10.9455349431277], [11.90709099853295, 1.281240450579915, 26.671261298708636]], [[25.046524557605615, 12.34856608609758, 1.290197342895926], [6.927511869083986, 30.591183701790193, 7.9785336471876285]], [[16.85402937316107, 10.740564023013267, 21.745215494707175], [20.33724135151907, 16.863201247512034, 8.937886944115203]], [[7.144637569295181, 5.776398195803832, 27.163262731619426], [18.971112455421647, 21.785799056057662, 30.926056875248378]], [[6.714366701662261, 28.523892624581425, 0.5583182273159437], [30.930131843497968, 9.960296621442279, 18.046266171444096]], [[23.04165355909486, 25.666066255842278, 16.79940123264857], [0.42542542148221685, 1.9262949193310028, 7.210783436769084]], [[12.192142347150948, 22.95677200577459, 5.6324588322566385], [28.247574607097956, 6.984634255353431, 14.345337966080884]], [[4.853846940654872, 27.028022246877192, 19.554149838990572], [22.610045825820038, 3.014034588988295, 14.108337525433651]], [[13.044174350760592, 25.9823220468322, 0.19833168063438933], [7.314740968769062, 12.645414808380973, 5.893983108236444]], [[25.616736062177665, 6.0045362254181995, 7.4382269989822625], [28.034165730382618, 19.099891495276406, 30.332883284727863]], [[18.773916255294925, 20.861278620208967, 13.101674111677433], [4.092712747810246, 6.327295424226637, 31.183442025738785]]], "message precisions": [[[40.77037185795029, 31.75063190006764, 19.386292927697962, 31.75063190006764, 61.131936925144615, 39.14478199905844, 19.386292927697962, 39.14478199905844, 25.616718558195185], [37.80481547809763, 30.718765350259595, 30.750250019262136, 30.718765350259595, 32.170386730138105, 32.71853836562636, 30.750250019262136, 32.71853836562636, 33.35544263950235]], [[8.39737686928415, 8.533718204462838, 19.67259866477995, 8.533718204462838, 28.175937666745973, 22.62136091178414, 19.67259866477995, 22.62136091178414, 50.66491440299189], [64.49700721664205, 38.220903453740675, 44.32167579757866, 38.220903453740675, 33.021052999541105, 16.62626852305324, 44.32167579757866, 16.62626852305324, 39.4226922602633]], [[43.59570084607369, 41.666511581113205, 41.826693680702284, 41.666511581113205, 41.05348181361288, 40.03785773377641, 41.826693680702284, 40.03785773377641, 57.24333812810118], [16.73031351428282, 23.18186115501607, 16.597196520001944, 23.18186115501607, 39.59619781905043, 19.10820599793516, 16.597196520001944, 19.10820599793516, 44.607483678640335]], [[10.316996113409452, 15.852567794334202, 15.522194435850704, 15.852567794334202, 32.96257330887942, 19.702535291863608, 15.522194435850704, 19.702535291863608, 25.43259574410614], [35.81504437041033, 22.37661111431115, 26.688201962223772, 22.37661111431115, 32.902110455268264, 34.23626829336559, 26.688201962223772, 34.23626829336559, 38.64801819954341]], [[42.997908251380935, 41.728324062879246, 20.800152298215217, 41.728324062879246, 47.02870855911287, 17.66059257966788, 20.800152298215217, 17.66059257966788, 11.531459390885741], [32.15562522815108, 42.94257537374535, 21.452884091489558, 42.94257537374535, 70.93829897442818, 29.629472132901146, 21.452884091489558, 29.629472132901146, 14.578307184541536]], [[10.900996361981335, 18.471036002373967, 18.90486648395942, 18.471036002373967, 37.62942947367244, 36.559423812483466, 18.90486648395942, 36.559423812483466, 53.46162286451155], [28.45471236991822, 34.808663637263734, 22.62464740336061, 34.808663637263734, 52.24110593173503, 45.53825884592696, 22.62464740336061, 45.53825884592696, 51.04823451121103]], [[11.009840449407324, 25.40758741013904, 16.78513784644163, 25.40758741013904, 63.20210142148501, 39.16255955668986, 16.78513784644163, 39.16255955668986, 25.985953988482958], [46.37955727989282, 36.60352383923198, 43.46697348519865, 36.60352383923198, 37.27114036282475, 32.60770569442236, 43.46697348519865, 32.60770569442236, 45.15917221717827]], [[29.89817260502041, 15.48448437075455, 30.33984745947745, 15.48448437075455, 27.763247929694877, 18.67974631017191, 30.33984745947745, 18.67974631017191, 34.045299497349006], [14.011320093316801, 13.339341969142797, 21.719735005946312, 13.339341969142797, 24.445909211030457, 38.116997276906716, 21.719735005946312, 38.116997276906716, 63.44181950954842]], [[49.93426251534006, 39.99323766505677, 23.85904100516094, 39.99323766505677, 32.9529666698272, 20.835615790029742, 23.85904100516094, 20.835615790029742, 15.90657892343829], [13.419023394625464, 7.945321968337254, 15.037974912115148, 7.945321968337254, 20.172175770499937, 27.275902929404396, 15.037974912115148, 27.275902929404396, 40.14365476944027]], [[47.246985365331426, 32.49200371839431, 44.69017339242302, 32.49200371839431, 28.098028531021946, 33.57412225917435, 44.69017339242302, 33.57412225917435, 47.78029292448949], [41.17407952382506, 25.7160793408418, 26.544496627160573, 25.7160793408418, 50.06214135312894, 9.03470297371035, 26.544496627160573, 9.03470297371035, 25.903047707952027]], [[22.755111338363935, 13.205040995073535, 23.26099272620187, 13.205040995073535, 39.93646294901414, 35.78651376648911, 23.26099272620187, 35.78651376648911, 41.340871123760515], [30.76513367087978, 10.509662554665361, 19.72847886920288, 10.509662554665361, 16.975368587567285, 20.779733524743868, 19.72847886920288, 20.779733524743868, 27.422715677429476]], [[29.915788178554212, 16.018410034768678, 30.561396545099306, 16.018410034768678, 36.104935939414226, 24.791215869660984, 30.561396545099306, 24.791215869660984, 38.212770524537305], [29.479076266627498, 30.929957751755776, 27.66526367954755, 30.929957751755776, 53.96552062997185, 48.80699060352701, 27.66526367954755, 48.80699060352701, 51.47139666708859]], [[11.905816689094689, 8.03510899052191, 10.629619632332235, 8.03510899052191, 25.336792237860845, 16.730255221953698, 10.629619632332235, 16.730255221953698, 14.47100468391488], [34.091578276726196, 7.111674977421244, 19.612318769538035, 7.111674977421244, 1.9464882308034792, 3.2631308040805562, 19.612318769538035, 3.2631308040805562, 17.971949017130726]], [[5.032865503113322, 7.541355638295397, 10.048658780048477, 7.541355638295397, 34.48178758532511, 37.462297235521234, 10.048658780048477, 37.462297235521234, 43.352096329898586], [3.1438991351767878, 6.71593801394244, 7.8440946159612555, 6.71593801394244, 26.570655196847518, 19.909834656682843, 7.8440946159612555, 19.909834656682843, 21.005967737622186]], [[36.92016223301686, 16.044302119722733, 38.77810731307829, 16.044302119722733, 21.87213963272468, 10.493788248900273, 38.77810731307829, 10.493788248900273, 55.591212147860055], [15.400434249796279, 10.987496736099716, 16.633574331569754, 10.987496736099716, 35.30891481719872, 41.77387500679452, 16.633574331569754, 41.77387500679452, 53.8082049107501]]]}, "variable_to_factor_messages": {"message means": [[[29.485045902797285, 31.773426289191665, 19.192008681187282], [28.368662332750464, 2.9471716474543506, 30.38076731066442]], [[10.867771622011585, 7.413251596378846, 1.0459839240852133], [8.185647595190684, 19.74294209507867, 24.21640763818676]], [[1.3845199836652817, 29.20282824475836, 31.962705862521336], [27.507007204450662, 21.401945290246257, 27.707841656089187]], [[29.780605973109427, 0.23837994367641713, 30.695338229206655], [25.33429357390907, 17.587489048028285, 10.39386779565482]], [[30.143323349994795, 3.4054595774303955, 27.836614958867468], [7.107967125344047, 8.04064691460383, 18.319851348633133]], [[5.528269278927773, 24.31258297673841, 16.23297529531812], [13.558185907888912, 5.760639511190497, 1.061354285372623]], [[17.37523760611664, 19.526807327215618, 4.585918653420514], [17.724048608525962, 19.80326064350921, 29.266278983767453]], [[24.583881904707784, 18.288785459795527, 14.001493672323775], [2.2868608309860896, 26.745612868904335, 15.287857327746469]], [[15.21865579109921, 13.69845644011388, 23.638308487995385], [30.557924072601793, 10.47836280818498, 25.35265520295745]], [[22.53808793133053, 25.834825906092135, 13.966705407556223], [13.635577930636419, 9.799680811204883, 16.36045725147373]], [[9.723146022211523, 21.65895024801605, 10.671801089930867], [10.909123617408433, 1.113313040916161, 9.48470102302274]], [[4.242157751017309, 22.029772103087204, 28.979735613146513], [30.862339255000037, 10.105705125387207, 1.0308887479051947]], [[21.614100761309743, 28.91852398455012, 25.177808457040157], [5.788972350840595, 22.15678008012501, 11.354617662435114]], [[22.896604060065755, 3.458602468864836, 26.628896926724583], [19.14019931908834, 28.08552573031628, 5.096137213646742]], [[14.215884480589107, 6.187205083541148, 4.824464131996308], [9.47717965679594, 18.187128309466647, 13.90515148565406]]], "message precisions": [[[13.069587266512109, 16.61938503549362, 13.654378696938148, 16.61938503549362, 27.852973734048422, 26.15470335063899, 13.654378696938148, 26.15470335063899, 33.223505397491], [54.18607549709661, 43.0884628602368, 57.56265069968477, 43.0884628602368, 35.028543280385975, 45.898637335271225, 57.56265069968477, 45.898637335271225, 61.53316445930518]], [[22.725195190531103, 17.852647334944844, 24.53078792671086, 17.852647334944844, 26.068511407391473, 19.856905094213882, 24.53078792671086, 19.856905094213882, 28.389481746265858], [10.26326588561409, 15.997063522770395, 14.237816458538179, 15.997063522770395, 29.965278008878194, 32.672887536453906, 14.237816458538179, 32.672887536453906, 48.84289459926885]], [[26.770024879554214, 42.50437073119026, 8.434450618550455, 42.50437073119026, 67.59666693073052, 13.624848149469154, 8.434450618550455, 13.624848149469154, 3.430641885127077], [54.92197659420067, 46.716492487321034, 18.131591512673825, 46.716492487321034, 47.26838104006481, 17.9194717953147, 18.131591512673825, 17.9194717953147, 6.924242354233886]], [[37.86454135993477, 35.58130307373241, 25.939735485584972, 35.58130307373241, 39.96487741552146, 23.484313169146247, 25.939735485584972, 23.484313169146247, 28.015700445759382], [25.285272819380474, 13.4125596602987, 26.445798635131542, 13.4125596602987, 7.811990347254864, 11.723154151873343, 26.445798635131542, 11.723154151873343, 56.40502037790237]], [[21.181876657489713, 20.304779934650288, 5.2222743517839865, 20.304779934650288, 29.2556367951612, 6.162210828927362, 5.2222743517839865, 6.162210828927362, 25.706033807877354], [23.09806930567659, 28.20232747740166, 19.542935004209532, 28.20232747740166, 50.26795966048447, 22.445771529668058, 19.542935004209532, 22.445771529668058, 17.3662340080839]], [[37.276558957358446, 24.644401824670688, 23.823776456068, 24.644401824670688, 18.864279371074822, 15.980202382706095, 23.823776456068, 15.980202382706095, 32.23950867294092], [37.89443309591527, 15.799113823886161, 29.90840104787934, 15.799113823886161, 7.645235250149228, 10.775842339079224, 29.90840104787934, 10.775842339079224, 35.46052743965802]], [[25.797036646652746, 28.624340281768976, 17.096844740464352, 28.624340281768976, 40.76608149675553, 16.10332675563011, 17.096844740464352, 16.10332675563011, 17.676109698937193], [43.84995854828495, 38.27828704432804, 11.56945267993394, 38.27828704432804, 42.41964318192931, 10.103104668427704, 11.56945267993394, 10.103104668427704, 3.2906030757349707]], [[4.174645377505455, 11.24133914578975, 3.3208849433484033, 11.24133914578975, 43.631354533031185, 12.22582589914592, 3.3208849433484033, 12.22582589914592, 3.845331086984415], [36.66595147789766, 24.36285796098202, 32.600250730094984, 24.36285796098202, 28.675806007133094, 10.463223422729877, 32.600250730094984, 10.463223422729877, 39.838939760458864]], [[45.35435521397575, 40.09303435831759, 35.32148786456454, 40.09303435831759, 37.44531088573166, 30.401734034354753, 35.32148786456454, 30.401734034354753, 30.140977658475784], [49.6894605288092, 41.70097533205074, 29.8838901323999, 41.70097533205074, 38.3794651937254, 31.970637918750075, 29.8838901323999, 31.970637918750075, 32.95549381060989]], [[19.519827307752145, 9.802073352431654, 15.94055091836653, 9.802073352431654, 11.321534449814921, 3.3611192880016296, 15.94055091836653, 3.3611192880016296, 16.522051141413403], [42.08198263655532, 19.260657779411616, 46.354587714653974, 19.260657779411616, 13.323078540644683, 17.69868068429552, 46.354587714653974, 17.69868068429552, 54.236876780039665]], [[58.81168381069809, 20.44066061576869, 63.93754594408136, 20.44066061576869, 14.610110458293896, 23.655498225691293, 63.93754594408136, 23.655498225691293, 70.97465935502264], [24.921166905658165, 38.253786940103915, 15.40514983394232, 38.253786940103915, 68.7374576671489, 28.37727331448915, 15.40514983394232, 28.37727331448915, 14.760441107622738]], [[52.14253986500255, 33.69882663230742, 47.93733697673481, 33.69882663230742, 33.40915827794779, 35.88756513393722, 47.93733697673481, 35.88756513393722, 57.66872599066491], [9.211363763117228, 18.342872350939206, 12.407699490906525, 18.342872350939206, 37.27579169123172, 24.73018877963178, 12.407699490906525, 24.73018877963178, 17.219007427591812]], [[16.50381905648757, 25.30887344812961, 25.25405883621273, 25.30887344812961, 57.09480280178748, 44.614420508683445, 25.25405883621273, 44.614420508683445, 51.092762149854885], [57.14266155554663, 41.94068713528969, 34.86178572161554, 41.94068713528969, 34.08685005059035, 27.724991222892303, 34.86178572161554, 27.724991222892303, 28.70052444649027]], [[32.22131414869858, 40.401687959271854, 15.576600827288694, 40.401687959271854, 72.55685592958648, 18.063902413516562, 15.576600827288694, 18.063902413516562, 7.647390274286042], [49.996741507502364, 45.76679941736777, 23.54249400607602, 45.76679941736777, 45.54098298824921, 25.00516264329614, 23.54249400607602, 25.00516264329614, 14.407120369416743]], [[5.2585360491794715, 5.249510537129831, 9.095006703392977, 5.249510537129831, 6.9760342102493125, 13.02536172076346, 9.095006703392977, 13.02536172076346, 30.0809510318648], [15.650189888462501, 16.329519356027436, 8.152453294542683, 16.329519356027436, 57.251693293322084, 35.31510746002404, 8.152453294542683, 35.31510746002404, 25.95301510108048]]]}}